! Data file for j3elect_mip_p.mos

NDISTS: 48

DISTR: [
  (1 1) 1 (1 2) 1 (2 1) 1 (2 2) 1 (2 3) 1 (3 1) 1 (3 2) 1 (3 5) 1 (4 1) 1
  (4 5) 1 (5 1) 1 (5 5) 1 (5 6) 1 (6 2) 1 (7 2) 1 (7 3) 1 (8 2) 1 (8 3) 1
  (8 5) 1 (9 2) 1 (9 5) 1 (10 3) 1 (10 4) 1 (11 3) 1 (11 5) 1 (12 3) 1
  (12 5) 1 (12 6) 1 (13 3) 1 (13 5) 1 (13 10) 1 (14 4) 1 (15 4) 1 (15 5) 1
  (16 5) 1 (16 6) 1 (17 5) 1 (17 6) 1 (17 7) 1 (18 5) 1 (18 6) 1 (18 8) 1
  (19 5) 1 (19 6) 1 (19 8) 1 (19 11) 1 (20 5) 1 (20 10) 1 (21 5) 1 (21 10) 1
  (21 11) 1 (22 6) 1 (22 7) 1 (23 6) 1 (23 7) 1 (23 8) 1 (24 6) 1 (24 8) 1
  (25 6) 1 (25 8) 1 (25 11) 1 (26 7) 1 (26 8) 1 (27 7) 1 (27 8) 1 (27 9) 1
  (28 7) 1 (28 8) 1 (28 11) 1 (29 7) 1 (29 9) 1 (30 7) 1 (30 9) 1 (30 11) 1
  (31 8) 1 (31 9) 1 (32 8) 1 (32 9) 1 (32 11) 1 (33 8) 1 (33 10) 1 (34 8) 1
  (34 10) 1 (34 11) 1 (35 8) 1 (35 11) 1 (36 8) 1 (36 11) 1 (36 12) 1
  (37 8) 1 (37 11) 1 (37 13) 1 (38 9) 1 (38 11) 1 (39 9) 1 (39 11) 1
  (39 13) 1 (40 9) 1 (40 12) 1 (41 10) 1 (41 11) 1 (42 10) 1 (42 13) 1
  (43 11) 1 (43 12) 1 (44 11) 1 (44 13) 1 (45 11) 1 (45 13) 1 (45 14) 1
  (46 12) 1 (47 12) 1 (47 14) 1 (48 13) 1 (48 14) 1
]

MAJ: [0 0 1 1 0 0 0 1 0 1 1 1 1 1 1 0 0 0 0 1 1 0 0 0 0 0 0 0 1 1 1 0 0 0 0 0 1 1 1 1 1 1 0 1 1 0 0 1]
