! Data file for e4deliver_p.mos

DIST: [(1 1) 0   (1 2) 148 (1 3) 55  (1 4) 32  (1 5) 70  (1 6) 140 (1 7) 73
       (2 1) 148 (2 2) 0   (2 3) 93  (2 4) 180 (2 5) 99  (2 6) 12  (2 7) 72
       (3 1) 55  (3 2) 93  (3 3) 0   (3 4) 85  (3 5) 20  (3 6) 83  (3 7) 28
       (4 1) 32  (4 2) 180 (4 3) 85  (4 4) 0   (4 5) 100 (4 6) 174 (4 7) 99
       (5 1) 70  (5 2) 99  (5 3) 20  (5 4) 100 (5 5) 0   (5 6) 85  (5 7) 49
       (6 1) 140 (6 2) 12  (6 3) 83  (6 4) 174 (6 5) 85  (6 6) 0   (6 7) 73
       (7 1) 73  (7 2) 72  (7 3) 28  (7 4) 99  (7 5) 49  (7 6) 73  (7 7) 0]

DEM: [(2) 14000 (3) 3000 (4) 6000 (5) 16000 (6) 15000 (7) 5000]
